19 12 14 17 15 18  3 11 10 17 19 20 19  8 12 16 17  8  3  8
13 17  0  9 18 15 18 17 11 16 11 18  9  6  7 20  1 10  4  1
 4  5  4  6 10 11 17 10 11  0  9 11 19 12 18 12 18 10  7 13
18 18  1 17  6 12 13  2 18 13  4 13  4 20  9 14  8 19 18 14
11 20  6  0  2 15 16  8 19 16 19 12  5  8  5 10 17  5  8 10
17 19  7  9  3 20 19  8  3 20  9 18  4 20 19 14 14 15 14 17
 7  5  6  9 11 14 12 15 18 15  8 15  3 20  0  7 20 19 15  7
11 12 16 13 16 10 12  6 15  2  4  7  3 15  1  4  5  4 12 18
 0 18 16  4  0 14 16  6 17  0 16  9 17 15 11  4 10 20  1  0
 0  6  5  3 14 12  1 12 18 14 19 11 16  6  8  1  0 10 17  1
 7  7  7  9  7 11 16 14 20 10 19  3 17  4  0  6  4 12  3 16
16  3  1 18 15 11 12  8  8  7  2  0 14 13 14  7  1 10  2 20
11 16  7 10 11  4 19  2  1 19  8  0  3  9 20  5 12 11 18 20
 2  9  5 17 20  4 17  2 13 14  2  1  1  8 19 11 16  8 12 15
 7  2  4 14 20 13 20 13 13  8 12 10 20  8  3  8  5 13 19  0
 2 10  0  6 14 14  0 12 16 14 12 11  1  5 19  9  9 19 10 13
 0  4 12 20  1  8 14 18 10  9 12 14  0 10 20 20  1 19  3 10
10  9 15  4 12  9 10  9  8 17  5  1 20 11 16  0 10  4 19  8
16  7 20  1  2  8 20  2  6  8 13 16  2  5  3  1 19  3 13 13
 5  2 15  7 12 15 14 19 16  4 15 10  1  6 16  8 15  5  8 13

20  6  1 12  6 19 11  9 17 11  2 14  9  9 19  4  8  9  1  5
 4  8  1  6 11 11  8 16  8 18  7  7  5 18  7 10 18 14 10  6
14 15 10 10 12  3 19 11  1  7  9 11  0  9  4 20 12 20  4 11
12 18  8 16 12 15 17  5  9 11 13  0  5  6  5  1 20 13  2 20
 7 19  5 13  1 18 17 13  2 19  5 18 18 18 15 19  2 11 17 12
11 17  3 15  4 15  9 11 12 19 14 20 14  0  2  3 18  6  8  5
19 12  7  4  5  9  7 12 11  5 19  5 15  1  2  3 15 16 10  5
12  6 16  6 19  8  8 11  2 16  6  2  8 11 18 11 16  6  5  5
12  6 16 18  2 10  8  3  4  6  0  9  2 14 12  0 14  3 11 16
 6 17 13 16  4 15  1  5  4 15  0  6 10  3 18 17 17 18  2  9
12 17 13  2 19  5 19 18 17 10  0  9 16  2 19 15 14  9  4  1
 4 16 11 17 18 13 14 16 20 15  6  0  7 13 16  0  3 11  5  6
12  1  0  1 12 19  5  7  0  5 20 16 13 14 15 20  6  1  9  8
 9 16 12 13  0  5  2 18 14 17  2  0  1 17  6 16 20 20  3 17
 4  1  4 13 18  7  8  9  5 10  1  8  1  2  6 10 16 19  6  1
 7  1 15  2  5  9  5 11  2 19  4 13  7  4  5 16 12  5  5 10
 1  8  9 10 15  8 15 19  2  7  9  8 11  7  3  0 16 15 12 15
15  5  8 19 20  7 14 10 13  2 18 17 11  7  1 20  4  6  5 18
10  8 20  6  3  1 17 16  8 19 11  0  4  2 18 12  7  0  8  6
17 16  6 10 14  6  1  2  6  3 14  9 13 12 12 13 20 13 15 11